-21.0 -27.0 22.0 1.0 
-24.0 -22.0 0.0 -34.0 
-14.0 9.0 -2.0 1.0 
-24.0 -29.0 -2.0 -16.0 
------------ 
1.0 0.0 0.0 0.0 
1.1428571428571428 1.0 0.0 0.0 
0.6666666666666666 3.0483870967741944 1.0 0.0 
1.1428571428571428 0.20967741935483844 -0.36464682681964855 1.0 

-3.0x +22.0y -29.0z = -574.0
-18.0x 0.0y -18.0z = 108.0
10.0x +7.0y -24.0z = -377.0
------------ 
-11.0	-21.0	5.0	
-20.0 0.0 -17.0 -16.0 
-18.0 0.0 29.0 -22.0 
7.0 0.0 -6.0 -39.0 
-15.0 16.0 -36.0 -12.0 
------------ 
1.0 0.0 0.0 0.0 
0.9 1.0 0.0 0.0 
-0.35 NaN 1.0 0.0 
0.75 Infinity NaN 1.0 

